4.820408283864531518e-02  5.309294984663455908e-05  2.572415449822179127e-11  -3.536383757633282456e-11  -3.551254441051003143e-11  1.716581521919034236e-07  8.396658577101877990e-03  -2.679896967965628846e-03  -1.035253744541646093e-10  -1.759942463923310017e-10  -1.579246832309924911e-10  5.626982906508778623e-04
5.309294984635138580e-05  4.820408282635386954e-02  -2.578509209995402962e-11  4.908650837880041034e-11  4.893789193054309066e-11  1.716529552573084435e-07  -2.679896967965594585e-03  8.396658575755645837e-03  -4.932433844668411790e-10  1.827804905416836698e-10  2.008499437385294522e-10  5.626982884870605599e-04
2.572436700771138809e-11  -2.578535719961197868e-11  4.825717578021240795e-02  -1.716681198521576626e-07  -1.716681144087023329e-07  -1.357395507504478977e-11  -1.035254137492399185e-10  -4.932433770430870872e-10  5.716762201991412544e-03  -5.626983145085430547e-04  -5.626983145344169974e-04  -2.485596761130054146e-11
-3.536366862579188500e-11  4.908676965424650925e-11  -1.716681195655289924e-07  3.193414421620903443e-02  -8.735427730253887797e-07  6.323849776115521547e-12  1.759942081962318019e-10  -1.827803507380122966e-10  5.626983145085380673e-04  2.814396508525715380e-05  -8.439559187470107270e-05  6.727357840668094564e-11
-3.551290898917804877e-11  4.893760113433190114e-11  -1.716681144630430434e-07  -8.735427729935554816e-07  3.193414421619554522e-02  5.235945730291075405e-12  1.579245065482369432e-10  -2.008498790612119577e-10  5.626983145343779661e-04  -8.439559187470759146e-05  2.814396511599055845e-05  8.143484173877663430e-11
1.716581510407151064e-07  1.716529547853674404e-07  -1.357402458216125210e-11  6.323668415277131827e-12  5.235730980324479717e-12  3.193327066264880360e-02  -5.626982906508182312e-04  -5.626982884871964104e-04  2.485596075166514514e-11  6.727358914067657895e-11  8.143481181003993281e-11  -5.625177517826362062e-05
8.396658577101905746e-03  -2.679896967965619305e-03  -1.035253364060566935e-10  1.759942103931891291e-10  1.579244853739574272e-10  -5.626982906506591787e-04  4.820408283864532906e-02  5.309294984635640701e-05  2.572453708060658060e-11  3.536366501514042681e-11  3.551120509864036357e-11  -1.716581514472088647e-07
-2.679896967965565962e-03  8.396658575755673593e-03  -4.932433499306662148e-10  -1.827804405380960682e-10  -2.008498303856622091e-10  -5.626982884871520665e-04  5.309294984640802858e-05  4.820408282635320341e-02  -2.578482732534466065e-11  -4.908637323044443618e-11  -4.893766738495118585e-11  -1.716529556625016622e-07
-1.035254377428814726e-10  -4.932433508951027675e-10  5.716762201991441167e-03  5.626983145084970845e-04  5.626983145344130943e-04  2.485597414736490259e-11  2.572404602870055863e-11  -2.578523230852469044e-11  4.825717578021079118e-02  1.716681193026806929e-07  1.716681143780830448e-07  1.357394012909989030e-11
-1.759942261255812693e-10  1.827805210790931730e-10  -5.626983145085344895e-04  2.814396508528297814e-05  -8.439559187472504712e-05  6.727358569955323468e-11  3.536383672401392177e-11  -4.908613747188001938e-11  1.716681196967733595e-07  3.193414421620908994e-02  -8.735427728160182229e-07  6.323703515695906619e-12
-1.579244525121538074e-10  2.008498224351360837e-10  -5.626983145344823748e-04  -8.439559187471804046e-05  2.814396511597125965e-05  8.143481524207662051e-11  3.551275223483724885e-11  -4.893791927170748142e-11  1.716681140327569236e-07  -8.735427726719152605e-07  3.193414421619530930e-02  5.235782545887171954e-12
5.626982906507833199e-04  5.626982884871382972e-04  -2.485595670634627906e-11  6.727358420921217982e-11  8.143481086725886510e-11  -5.625177517820892262e-05  -1.716581514070331126e-07  -1.716529551370302150e-07  1.357402567741945119e-11  6.323578607224237618e-12  5.235792581957085462e-12  3.193327066264860931e-02
