6.204535212029294033e-02  2.246567578638939200e-05  1.717661875206208082e-08  -1.303426909480922249e-08  -1.270144816782192605e-08  5.177975726657925115e-08  8.412305701088517232e-03  -2.728381058715142766e-03  -5.316612173648812316e-08  -4.462367961825005296e-08  -5.770017907497598292e-08  5.626813804292356280e-04
2.246567578634576641e-05  6.204535189460087807e-02  -1.499394646483291549e-08  1.813788614059418811e-08  1.847079434752002341e-08  5.194169658855720236e-08  -2.728381058715160113e-03  8.412306960599812838e-03  -1.913620057792850368e-07  8.407763206284111829e-08  7.100145460175364040e-08  5.626821731172088319e-04
1.717661876903584684e-08  -1.499394647918330136e-08  6.206781550333615588e-02  -5.729542109056164894e-08  -5.729468878738086800e-08  -5.436492067511743967e-09  -5.316612170315039528e-08  -1.913620057563792542e-07  5.684169619364964898e-03  -5.627080369376737112e-04  -5.627079190226502627e-04  -2.637741197442397667e-08
-1.303426909822767045e-08  1.813788614676845942e-08  -5.729542113179239379e-08  6.419976239376616600e-02  -3.512364774603541408e-07  3.278613104952194534e-09  4.462367961814197685e-08  -8.407763206586359654e-08  5.627080369376410767e-04  2.817016983294638475e-05  -8.438887362733362124e-05  1.265806526884738144e-08
-1.270144816549225457e-08  1.847079434611145063e-08  -5.729468878521697676e-08  -3.512364774766086501e-07  6.419976239515992611e-02  2.910814176846570174e-09  5.770017907564412648e-08  -7.100145459880060561e-08  5.627079190226451670e-04  -8.438887362733541017e-05  2.817035372116436827e-05  1.507864687479020887e-08
5.177975725712649581e-08  5.194169656882070603e-08  -5.436492053371639816e-09  3.278613110119949990e-09  2.910814169370796761e-09  6.419940496204362690e-02  -5.626813804292412659e-04  -5.626821731172304076e-04  2.637741196522378935e-08  1.265806527600860164e-08  1.507864687697982213e-08  -5.624663480964624534e-05
8.412305701088522436e-03  -2.728381058715200445e-03  -5.316612174323070394e-08  4.462367961812435460e-08  5.770017907421519513e-08  -5.626813804292299902e-04  6.204535212029294033e-02  2.246567578636959515e-05  1.717661875012767925e-08  1.303426909223789350e-08  1.270144816071235501e-08  -5.177975724616148225e-08
-2.728381058715128021e-03  8.412306960599805900e-03  -1.913620057896338471e-07  -8.407763206924744023e-08  -7.100145460154042632e-08  -5.626821731172105667e-04  2.246567578637462313e-05  6.204535189460092665e-02  -1.499394645333764608e-08  -1.813788614217072488e-08  -1.847079434117605765e-08  -5.194169656256046419e-08
-5.316612175816523814e-08  -1.913620058045898020e-07  5.684169619364923265e-03  5.627080369376708923e-04  5.627079190226403965e-04  2.637741198974133006e-08  1.717661872206680451e-08  -1.499394647614029579e-08  6.206781550333610037e-02  5.729542108968056924e-08  5.729468880109610489e-08  5.436492047516914997e-09
-4.462367961646392517e-08  8.407763206710164107e-08  -5.627080369376620018e-04  2.817016983297366598e-05  -8.438887362733977408e-05  1.265806527641711636e-08  1.303426909839420672e-08  -1.813788613316819071e-08  5.729542109049862440e-08  6.419976239376615212e-02  -3.512364774977620275e-07  3.278613100038483615e-09
-5.770017907409081364e-08  7.100145460241133501e-08  -5.627079190226461428e-04  -8.438887362734388050e-05  2.817035372119315722e-05  1.507864687211866034e-08  1.270144815837829285e-08  -1.847079434293202643e-08  5.729468878909035254e-08  -3.512364774841889598e-07  6.419976239515993999e-02  2.910814174583963192e-09
5.626813804292415911e-04  5.626821731172156624e-04  -2.637741197824269567e-08  1.265806526810874720e-08  1.507864687845515169e-08  -5.624663480965917445e-05  -5.177975724465940829e-08  -5.194169655667141469e-08  5.436492061105477450e-09  3.278613107022528759e-09  2.910814173425211780e-09  6.419940496204358527e-02
