4.723628117023498385e-02  5.619504097456706868e-05  6.089369249657061726e-11  -7.233513813633769575e-11  -7.269017596875276897e-11  1.908207509988567258e-07  8.394929354744231145e-03  -2.674439872212695541e-03  -1.837701197063484726e-10  -3.032148256987721113e-10  -2.708896842710021850e-10  5.626984009842750118e-04
5.619504097479387022e-05  4.723628115492611856e-02  -6.647195838779567113e-11  1.016035939975198382e-10  1.012485857803570361e-10  1.908141684439103315e-07  -2.674439872212709852e-03  8.394929352996429589e-03  -8.739512594039849303e-10  2.767336954627276305e-10  3.090584754103601098e-10  5.626983981609396963e-04
6.089372472380703739e-11  -6.647255340306752001e-11  4.729247620643058092e-02  -1.908451098992219403e-07  -1.908451040190134737e-07  -2.891326299828303482e-11  -1.837701844777997153e-10  -8.739512450349102582e-10  5.720490535163513281e-03  -5.626984055472309277e-04  -5.626984055897164740e-04  -5.844142230227768797e-12
-7.233522963514953270e-11  1.016041490983542055e-10  -1.908451096685460961e-07  2.997889519734661667e-02  -9.281124882047932333e-07  1.520774656105756436e-11  3.032148175915650015e-10  -2.767336523658812155e-10  5.626984055473317585e-04  2.814516264067565564e-05  -8.439439605023578460e-05  1.067894083036584111e-10
-7.269037671522324864e-11  1.012484906383545689e-10  -1.908451044314548327e-07  -9.281124879016406709e-07  2.997889519732828065e-02  1.366835706322060442e-11  2.708896295035220483e-10  -3.090584575567925358e-10  5.626984055895866950e-04  -8.439439605020427498e-05  2.814516268565019134e-05  1.295474376752712921e-10
1.908207499528606097e-07  1.908141694044698606e-07  -2.891347157014922072e-11  1.520792163287884991e-11  1.366815683313663437e-11  2.997796705695691261e-02  -5.626984009844292938e-04  -5.626983981608956777e-04  5.844136134164001156e-12  1.067893961789892449e-10  1.295474760705439770e-10  -5.624946931171309763e-05
8.394929354744265840e-03  -2.674439872212809165e-03  -1.837701722102028511e-10  3.032148625420313004e-10  2.708896639786220286e-10  -5.626984009841927209e-04  4.723628117023641326e-02  5.619504097444657993e-05  6.089384904799538568e-11  7.233519160634445812e-11  7.269013039870716275e-11  -1.908207505725260646e-07
-2.674439872212592325e-03  8.394929352996486835e-03  -8.739511955423341595e-10  -2.767338106934726045e-10  -3.090584551046180397e-10  -5.626983981610977729e-04  5.619504097460800409e-05  4.723628115492583407e-02  -6.647239007847692617e-11  -1.016038573740598233e-10  -1.012485326128573194e-10  -1.908141692908244560e-07
-1.837702316075317060e-10  -8.739512424441148189e-10  5.720490535163539302e-03  5.626984055473146281e-04  5.626984055896877427e-04  5.844148334806477926e-12  6.089374989785395003e-11  -6.647208086553844090e-11  4.729247620643003969e-02  1.908451105193168409e-07  1.908451040292771836e-07  2.891345346860553615e-11
-3.032148623905955717e-10  2.767337970691150486e-10  -5.626984055472913178e-04  2.814516264062256361e-05  -8.439439605021372109e-05  1.067893986200343618e-10  7.233509882519635477e-11  -1.016036989731256382e-10  1.908451100401933690e-07  2.997889519734618993e-02  -9.281124880370567811e-07  1.520779518677056315e-11
-2.708897219918364662e-10  3.090584514358992457e-10  -5.626984055897698168e-04  -8.439439605023863063e-05  2.814516268562856151e-05  1.295474596823065663e-10  7.268983910112253323e-11  -1.012486874681676935e-10  1.908451033800653931e-07  -9.281124881167320883e-07  2.997889519732831187e-02  1.366814738477325907e-11
5.626984009843768184e-04  5.626983981609057607e-04  -5.844148789867392125e-12  1.067894192437276634e-10  1.295474308719353333e-10  -5.624946931174227622e-05  -1.908207502256997952e-07  -1.908141693275226349e-07  2.891326343974805466e-11  1.520781314030986125e-11  1.366789976155638263e-11  2.997796705695704791e-02
