4.945987337995265409e-02  4.919203787115162142e-05  1.382491100464287212e-10  -1.699859483908910610e-10  -1.705045624815608384e-10  1.511327472405229359e-07  8.398728141560833638e-03  -2.686418850395637901e-03  -5.496222591456970111e-10  -8.181789005378251026e-10  -7.538876914844324955e-10  5.626981615344449307e-04
4.919203787105804122e-05  4.945987330824067746e-02  -1.301034524312636898e-10  2.362625261112054809e-10  2.357415580326883032e-10  1.511040869451334133e-07  -2.686418850395670861e-03  8.398728137918995071e-03  -2.316031695682049413e-09  9.037818528731864487e-10  9.680708792680462178e-10  5.626981531005334838e-04
1.382491046848403168e-10  -1.301033392637188959e-10  4.950906536025620475e-02  -1.511783862928113517e-07  -1.511783596860545581e-07  -6.575506600903444984e-11  -5.496222714885597889e-10  -2.316031701427039211e-09  5.712312142632175807e-03  -5.626983074305131607e-04  -5.626983072665253053e-04  -1.498946567858558436e-10
-1.699860123081636792e-10  2.362621929888393039e-10  -1.511783864892774410e-07  3.451131550763430339e-02  -8.053412897245901005e-07  3.205237389364360702e-11  8.181788977222853111e-10  -9.037818478833679858e-10  5.626983074304720694e-04  2.814292128757856689e-05  -8.439667814039665734e-05  3.046679860673644068e-10
-1.705043529063807628e-10  2.357415424390615011e-10  -1.511783597990183395e-07  -8.053412897320913184e-07  3.451131550754486105e-02  2.597342881011328833e-11  7.538877188226674713e-10  -9.680708842956948555e-10  5.626983072665069823e-04  -8.439667814043300522e-05  2.814292138575023435e-05  3.673547353257105118e-10
1.511327471025466157e-07  1.511040868128709127e-07  -6.575505947940004471e-11  3.205234592135753411e-11  2.597350236300953083e-11  3.451051011263982227e-02  -5.626981615344759389e-04  -5.626981531004864295e-04  1.498946692077941669e-10  3.046680165893004626e-10  3.673546759340114223e-10  -5.625442800575191401e-05
8.398728141560831903e-03  -2.686418850395622289e-03  -5.496222560645645176e-10  8.181788810157687306e-10  7.538876915156198929e-10  -5.626981615344680242e-04  4.945987337995277205e-02  4.919203787113754712e-05  1.382490663855108377e-10  1.699859667123139282e-10  1.705044650477966590e-10  -1.511327472065919872e-07
-2.686418850395628794e-03  8.398728137918977724e-03  -2.316031698931215686e-09  -9.037817989005831952e-10  -9.680708623025720612e-10  -5.626981531004803579e-04  4.919203787104783616e-05  4.945987330824048317e-02  -1.301034750595428043e-10  -2.362621429555869375e-10  -2.357415228875922927e-10  -1.511040864991431968e-07
-5.496222561185128236e-10  -2.316031699871299421e-09  5.712312142632191420e-03  5.626983074305058966e-04  5.626983072665199927e-04  1.498946553651710219e-10  1.382491408822915034e-10  -1.301034283787074116e-10  4.950906536025694721e-02  1.511783861984718661e-07  1.511783595125839575e-07  6.575507502306469838e-11
-8.181789115828427400e-10  9.037818784887914325e-10  -5.626983074305024271e-04  2.814292128763582292e-05  -8.439667814042778749e-05  3.046679772327887950e-10  1.699859527536978308e-10  -2.362620640487420532e-10  1.511783862764839976e-07  3.451131550763443523e-02  -8.053412896900090276e-07  3.205237128494544595e-11
-7.538877058763777809e-10  9.680708769205568566e-10  -5.626983072665075244e-04  -8.439667814038359270e-05  2.814292138571292424e-05  3.673547382425048099e-10  1.705044589366403704e-10  -2.357415133332597397e-10  1.511783596364900282e-07  -8.053412897471422469e-07  3.451131550754467370e-02  2.597354212501604644e-11
5.626981615344929608e-04  5.626981531005260028e-04  -1.498946633006627260e-10  3.046679317623268811e-10  3.673547825868864648e-10  -5.625442800575697588e-05  -1.511327469740445972e-07  -1.511040866447755037e-07  6.575508407193492837e-11  3.205250133664849688e-11  2.597339304789826412e-11  3.451051011263955859e-02
