5.313780922214180608e-02  3.478711722927247687e-05  2.285027418036406983e-08  -2.571038612901609192e-08  -2.442030605167303772e-08  1.267880169297286567e-07  8.398463234003226627e-03  -2.686197956865238063e-03  -8.104046275174966650e-08  -8.023010930102417652e-08  -1.123002009881876964e-07  5.626494094060089041e-04
3.478711722929725089e-05  5.313780860352075586e-02  -8.005627032668379187e-09  3.382380797803482499e-08  3.511476249421984634e-08  1.273440899592595822e-07  -2.686197956865225486e-03  8.398466459639509010e-03  -3.437127223272525815e-07  2.048873538858359338e-07  1.728207709009626836e-07  5.626520905781441260e-04
2.285027417659064393e-08  -8.005627053386259138e-09  5.317258119789940868e-02  -1.364615811201956528e-07  -1.364505995128067793e-07  -9.403964517540930317e-09  -8.104046273900546024e-08  -3.437127223160352713e-07  5.712690927080188961e-03  -5.627427491923110269e-04  -5.627421744596525352e-04  -9.258671767581922587e-08
-2.571038612854335159e-08  3.382380798687006685e-08  -1.364615811105595678e-07  3.787936930681479186e-02  -5.581542266660367060e-07  5.094042494440578133e-09  8.023010930827205216e-08  -2.048873538713135539e-07  5.627427491923201342e-04  2.822468757233686455e-05  -8.436354241773542071e-05  3.251807490394393708e-08
-2.442030604277709073e-08  3.511476250114070109e-08  -1.364505995087907843e-07  -5.581542266301014391e-07  3.787936930544736486e-02  3.733552541500887312e-09  1.123002009853099284e-07  -1.728207708989235577e-07  5.627421744596354048e-04  -8.436354241769338078e-05  2.822586856705564863e-05  3.819687274411387158e-08
1.267880169318419245e-07  1.273440899632712097e-07  -9.403964529610296165e-09  5.094042440219582157e-09  3.733552585133029288e-09  3.787880229366147322e-02  -5.626494094060083620e-04  -5.626520905781763268e-04  9.258671768431456928e-08  3.251807485194950782e-08  3.819687280122913116e-08  -5.621079543237853914e-05
8.398463234003231831e-03  -2.686197956865239798e-03  -8.104046275388176755e-08  8.023010930084889364e-08  1.123002009855097620e-07  -5.626494094060048926e-04  5.313780922214184077e-02  3.478711722927753874e-05  2.285027417218351496e-08  2.571038612729952672e-08  2.442030604669476039e-08  -1.267880169276727225e-07
-2.686197956865238497e-03  8.398466459639526357e-03  -3.437127223360851764e-07  -2.048873538863873523e-07  -1.728207709063637363e-07  -5.626520905781705805e-04  3.478711722926170938e-05  5.313780860352074198e-02  -8.005627067914209252e-09  -3.382380798310182902e-08  -3.511476249397222156e-08  -1.273440899770996843e-07
-8.104046273767241567e-08  -3.437127223286600326e-07  5.712690927080219319e-03  5.627427491923053891e-04  5.627421744596517762e-04  9.258671769473802438e-08  2.285027417368547974e-08  -8.005627049370495787e-09  5.317258119789942256e-02  1.364615811210778112e-07  1.364505995129710772e-07  9.403964546277082227e-09
-8.023010930486404156e-08  2.048873538842764403e-07  -5.627427491923126532e-04  2.822468757233684083e-05  -8.436354241773672176e-05  3.251807490572825830e-08  2.571038613133572474e-08  -3.382380797900073372e-08  1.364615811144198146e-07  3.787936930681479880e-02  -5.581542266899039769e-07  5.094042500817722929e-09
-1.123002009854098121e-07  1.728207709052022424e-07  -5.627421744596493910e-04  -8.436354241770343675e-05  2.822586856705901643e-05  3.819687274619462125e-08  2.442030603992015117e-08  -3.511476250185299625e-08  1.364505995109406598e-07  -5.581542266579651173e-07  3.787936930544735098e-02  3.733552538606555879e-09
5.626494094060026157e-04  5.626520905781687374e-04  -9.258671768834990042e-08  3.251807486445921831e-08  3.819687280768207961e-08  -5.621079543237600482e-05  -1.267880169412692159e-07  -1.273440899792384954e-07  9.403964541587246086e-09  5.094042438741159767e-09  3.733552583577980194e-09  3.787880229366145934e-02
