4.731879530773604181e-02  5.569549052528285568e-05  3.202082910047464148e-10  -3.767283220134061177e-10  -3.782431539170645734e-10  1.902421953425753913e-07  8.395038581565048355e-03  -2.674807747790631466e-03  -1.059869249944000648e-09  -1.588584318957617929e-09  -1.440279242557129022e-09  5.626984232482241596e-04
5.569549052525077007e-05  4.731879519080334218e-02  -3.315040564276150060e-10  5.296678006659088417e-10  5.281457621346838247e-10  1.901940725452881391e-07  -2.674807747790618456e-03  8.395038575466220315e-03  -4.602763382247778216e-09  1.447496289421898185e-09  1.595794760246897526e-09  5.626984084264786577e-04
3.202083502779657367e-10  -3.315040294221876710e-10  4.737449072956066015e-02  -1.903600364532995452e-07  -1.903600000975935135e-07  -1.514159224699993619e-10  -1.059869244440356717e-09  -4.602763390679612357e-09  5.720236471633994083e-03  -5.626984235656165394e-04  -5.626984234631780823e-04  -7.217951103081084794e-12
-3.767283519441623936e-10  5.296679478559022126e-10  -1.903600364804202167e-07  3.006814082654137715e-02  -9.191736146402878999e-07  8.003237214396642327e-11  1.588584323801394036e-09  -1.447496290023476660e-09  5.626984235655783755e-04  2.814547325151630616e-05  -8.439412388234755519e-05  5.340493780620126672e-10
-3.782429607238385412e-10  5.281457742084557536e-10  -1.903600001086149739e-07  -9.191736146565482855e-07  3.006814082639193419e-02  7.007415536761803556e-11  1.440279226647177239e-09  -1.595794744958351736e-09  5.626984234631759139e-04  -8.439412388234445166e-05  2.814547347452383508e-05  6.464759794119262890e-10
1.902421953748557110e-07  1.901940726629790526e-07  -1.514159115249560141e-10  8.003242287784151810e-11  7.007424838046038491e-11  3.006722151005829582e-02  -5.626984232481044637e-04  -5.626984084265840421e-04  7.217953372162082951e-12  5.340493604427888245e-10  6.464759737517921939e-10  -5.624982938312135452e-05
8.395038581565055294e-03  -2.674807747790597639e-03  -1.059869256657603847e-09  1.588584337619417631e-09  1.440279200571385417e-09  -5.626984232481475065e-04  4.731879530773572956e-02  5.569549052531153283e-05  3.202083077363700465e-10  3.767283602647716583e-10  3.782429700289720262e-10  -1.902421955065447174e-07
-2.674807747790627997e-03  8.395038575466225519e-03  -4.602763389945352252e-09  -1.447496323641331321e-09  -1.595794741146600696e-09  -5.626984084265650686e-04  5.569549052527944722e-05  4.731879519080327973e-02  -3.315040380880453730e-10  -5.296679462528848119e-10  -5.281457528663963763e-10  -1.901940725648067164e-07
-1.059869247117227744e-09  -4.602763392226919868e-09  5.720236471634040053e-03  5.626984235655913859e-04  5.626984234631897917e-04  7.217947721991295166e-12  3.202083320287498175e-10  -3.315040350408743822e-10  4.737449072956053525e-02  1.903600362400548185e-07  1.903600001247989677e-07  1.514159528234575195e-10
-1.588584329277762720e-09  1.447496298990893704e-09  -5.626984235656225025e-04  2.814547325152795456e-05  -8.439412388234103642e-05  5.340493600068898707e-10  3.767283390902744644e-10  -5.296679218554633395e-10  1.903600362205157007e-07  3.006814082654135634e-02  -9.191736146121447009e-07  8.003232641808187665e-11
-1.440279230057677232e-09  1.595794753701338136e-09  -5.626984234631870812e-04  -8.439412388236368270e-05  2.814547347452076882e-05  6.464759746622664821e-10  3.782429949302081683e-10  -5.281457744532997674e-10  1.903600000727296554e-07  -9.191736146949853701e-07  3.006814082639189603e-02  7.007426448755656665e-11
5.626984232481017532e-04  5.626984084265787295e-04  -7.217953212777291492e-12  5.340493555532887584e-10  6.464759731677643210e-10  -5.624982938312843571e-05  -1.902421954422171973e-07  -1.901940727509937432e-07  1.514158814155243832e-10  8.003238599923010300e-11  7.007427133202436567e-11  3.006722151005808072e-02
