4.786360176503329233e-02  5.267540216167971705e-05  4.868074556138605683e-09  -4.208879068344344072e-09  -4.221004059250406132e-09  1.842844381110286403e-07  8.395733796965138690e-03  -2.677114217772948081e-03  -8.448548724520320192e-09  -1.053097391332153871e-08  -9.923650313448548325e-09  5.626985727891479659e-04
5.267540216172453526e-05  4.786360072467061438e-02  -5.189016393682911438e-09  5.967804582506048863e-09  5.955284941796771346e-09  1.838711069719557551e-07  -2.677114217772925964e-03  8.395733791374315746e-03  -3.291619845283101867e-08  8.835044025932496179e-09  9.442117167917436395e-09  5.626984726684921678e-04
4.868074546254483096e-09  -5.189016415186077785e-09  4.791627679213444208e-02  -1.857434157206784163e-07  -1.857446001902783066e-07  -1.746308268190553667e-09  -8.448548718720665750e-09  -3.291619846777055566e-08  5.718660770384954156e-03  -5.626974362435653836e-04  -5.626974282453387367e-04  1.088610284613685721e-09
-4.208879063825454732e-09  5.967804575584707732e-09  -1.857434156904578425e-07  3.068979702660715875e-02  -8.649132416363927257e-07  1.121177473266974799e-09  1.053097391634875836e-08  -8.835044039391925811e-09  5.626974362435642994e-04  2.814745018837026564e-05  -8.439260562311554168e-05  2.935754633163249161e-09
-4.221004057587325596e-09  5.955284937352077625e-09  -1.857446001800624011e-07  -8.649132416273333907e-07  3.068979702378273403e-02  1.036896749367075108e-09  9.923650315497843625e-09  -9.442117172196590596e-09  5.626974282453256178e-04  -8.439260562310581097e-05  2.814745243786336503e-05  3.558957191181683728e-09
1.842844380389638183e-07  1.838711070326961966e-07  -1.746308266612805911e-09  1.121177480193455411e-09  1.036896755997556168e-09  3.068893001430685746e-02  -5.626985727889877208e-04  -5.626984726686487265e-04  -1.088610276149283205e-09  2.935754629582356992e-09  3.558957187670921586e-09  -5.625164378887010812e-05
8.395733796965133486e-03  -2.677114217772942877e-03  -8.448548719435541705e-09  1.053097391374196318e-08  9.923650318403153399e-09  -5.626985727890272942e-04  4.786360176503324376e-02  5.267540216166943746e-05  4.868074525627109939e-09  4.208879064303205302e-09  4.221004066384185442e-09  -1.842844382337284566e-07
-2.677114217772926831e-03  8.395733791374326155e-03  -3.291619845545758181e-08  -8.835044035751345117e-09  -9.442117163334822714e-09  -5.626984726686112132e-04  5.267540216170447752e-05  4.786360072467053806e-02  -5.189016374002683244e-09  -5.967804621125728618e-09  -5.955284939126776258e-09  -1.838711068726672148e-07
-8.448548710376132250e-09  -3.291619845226996522e-08  5.718660770384935942e-03  5.626974362435738404e-04  5.626974282453373272e-04  -1.088610280330147049e-09  4.868074544298763430e-09  -5.189016398945909297e-09  4.791627679213446289e-02  1.857434157167626095e-07  1.857446001924724131e-07  1.746308263382552708e-09
-1.053097391755240376e-08  8.835044033488253407e-09  -5.626974362435608300e-04  2.814745018836556291e-05  -8.439260562310160968e-05  2.935754633998214370e-09  4.208879052931346271e-09  -5.967804590585936679e-09  1.857434157321403603e-07  3.068979702660715181e-02  -8.649132416327497429e-07  1.121177462848747274e-09
-9.923650316244986241e-09  9.442117167149347911e-09  -5.626974282453354841e-04  -8.439260562309883142e-05  2.814745243784977862e-05  3.558957191045567436e-09  4.221004055389656428e-09  -5.955284936616202863e-09  1.857446002085385900e-07  -8.649132416350194735e-07  3.068979702378280341e-02  1.036896741734272416e-09
5.626985727889911902e-04  5.626984726686510034e-04  1.088610281117305562e-09  2.935754626974870703e-09  3.558957182480543154e-09  -5.625164378886434152e-05  -1.842844380326127388e-07  -1.838711070319242055e-07  1.746308275009761981e-09  1.121177479497965467e-09  1.036896751211454609e-09  3.068893001430687134e-02
