5.279784482596264900e-02  3.991373273341518465e-05  1.101041134423476149e-09  -8.377481960733648146e-10  -8.379643184553579565e-10  1.113430324425806476e-07  8.403445397496690783e-03  -2.701214798191346311e-03  -1.479421360882627878e-09  -1.489792573071574063e-09  -1.721593127020258790e-09  5.626975080148218563e-04
3.991373273343583192e-05  5.279784433349255651e-02  -1.177948090863740157e-09  1.203665150508482135e-09  1.203409185707880977e-09  1.111531806610714634e-07  -2.701214798191341106e-03  8.403445374461625608e-03  -4.866207449178395727e-09  2.838303625447041830e-09  2.606475059476087577e-09  5.626974585442132571e-04
1.101041138963950561e-09  -1.177948057930814411e-09  5.283775830094170761e-02  -1.115761464587197779e-07  -1.115764325307929960e-07  -3.656525963811840563e-10  -1.479421360090111509e-09  -4.866207456358130711e-09  5.702236857760227713e-03  -5.626986021743395116e-04  -5.626985998931462651e-04  -1.116725410536611868e-09
-8.377482023290271781e-10  1.203665145301440564e-09  -1.115761464204331343e-07  4.160458814255194038e-02  -6.454053337378072727e-07  2.189342757783263751e-10  1.489792571122595506e-09  -2.838303634466879377e-09  5.626986021743340905e-04  2.814092801692966798e-05  -8.439912432393497949e-05  5.715161672514098359e-10
-8.379643351096584507e-10  1.203409172917312897e-09  -1.115764325118727681e-07  -6.454053337389156153e-07  4.160458814157080853e-02  1.901470227202781268e-10  1.721593122256380265e-09  -2.606475058819486910e-09  5.626985998931507103e-04  -8.439912432392640074e-05  2.814092857045366776e-05  6.842430400196011861e-10
1.113430324620233360e-07  1.111531806751935143e-07  -3.656526117983031819e-10  2.189342820105468536e-10  1.901470298453733334e-10  4.160394235519682821e-02  -5.626975080148156763e-04  -5.626974585442077277e-04  1.116725393340664100e-09  5.715161685040484184e-10  6.842430573131672270e-10  -5.625944847165905154e-05
8.403445397496685579e-03  -2.701214798191318121e-03  -1.479421356176395156e-09  1.489792573691629685e-09  1.721593122809937596e-09  -5.626975080148239163e-04  5.279784482596267675e-02  3.991373273341571320e-05  1.101041170927449787e-09  8.377482114949723256e-10  8.379643058446626784e-10  -1.113430323663325416e-07
-2.701214798191328096e-03  8.403445374461618669e-03  -4.866207449466567255e-09  -2.838303617003860425e-09  -2.606475056053296093e-09  -5.626974585442027403e-04  3.991373273343507976e-05  5.279784433349260508e-02  -1.177948057790430281e-09  -1.203665123392367798e-09  -1.203409167569495111e-09  -1.111531806472058914e-07
-1.479421364408707130e-09  -4.866207458458947783e-09  5.702236857760206896e-03  5.626986021743502452e-04  5.626985998931419283e-04  1.116725399107487744e-09  1.101041157212449677e-09  -1.177948044445427024e-09  5.283775830094177006e-02  1.115761464624387158e-07  1.115764325296873797e-07  3.656525864397912057e-10
-1.489792573778583117e-09  2.838303626413838122e-09  -5.626986021743433063e-04  2.814092801693674579e-05  -8.439912432393371911e-05  5.715161633158806266e-10  8.377482082939576834e-10  -1.203665116349547129e-09  1.115761464205018101e-07  4.160458814255188487e-02  -6.454053337690745410e-07  2.189342738129632826e-10
-1.721593117176123354e-09  2.606475050954921652e-09  -5.626985998931510356e-04  -8.439912432394878952e-05  2.814092857044520421e-05  6.842430549340250759e-10  8.379643562918285719e-10  -1.203409192457621009e-09  1.115764324985456179e-07  -6.454053337484794643e-07  4.160458814157079466e-02  1.901470349358570144e-10
5.626975080148184953e-04  5.626974585442137992e-04  -1.116725423118258735e-09  5.715161704442764390e-10  6.842430666904251746e-10  -5.625944847165429460e-05  -1.113430324360623320e-07  -1.111531806433471269e-07  3.656525634489073884e-10  2.189342726438152964e-10  1.901470309920933513e-10  4.160394235519682821e-02
