1.064685534119017007e-01  4.987854787189960400e-06  1.051361024003236714e-05  1.011921467427811111e-01  -1.632267367532302255e-02  -8.572610365194535675e-03  7.014425613350999678e-02  2.637993928637233712e-02  2.248711930997340097e-02  7.011711123102032373e-02  -2.641712120254193635e-02  2.247092981241819581e-02  1.011492605607527684e-01  1.632994803525990302e-02  -8.570489909697366626e-03  5.092862799539079471e-02  2.461909592427868182e-05  -2.776031878565242417e-02  7.012106070151584436e-02  -2.639347658842645244e-02  2.246039718364646262e-02  1.012059087411615876e-01  1.631046477763887365e-02  -8.599584098096350882e-03  5.094245471240645834e-02  -3.248653383549294837e-05  -2.778201456882885972e-02  1.011476982885134435e-01  -1.631454375412797961e-02  -8.587142096114113929e-03  7.011386890715415321e-02  2.642516493571948205e-02  2.245373523785129319e-02  1.064690525738916371e-01  5.177768553516597308e-06  -1.053533054580793889e-05  5.360404637385367179e-04  -2.740547384948667422e-04  1.321641007239618762e-03  2.615537700092999442e-03  -6.190410839817022054e-04  7.103288946855591248e-04  1.458591782964183473e-03  -2.190477995753738281e-03  1.599600126984229622e-03  3.004534505041432722e-04  -1.937541587358917886e-03  7.050279998510341041e-04  -4.223935605098251729e-03  1.439938692325100226e-03  2.110665897651736646e-03  -6.983334730199388480e-04  3.574344279401053641e-03  1.398220535926022893e-03  6.777495744015799625e-04  1.146214766554750231e-03  -5.723916846600800431e-04  2.707919741038590337e-03  -9.540319917048496832e-04  -1.344266447461421859e-03  1.133294065612011885e-03  -3.383018579305655318e-03  -1.180495219721203193e-03  -2.843561476497401090e-03  3.513356384866118173e-04  -1.074782208743968979e-03  -2.234877379725823399e-03  3.106252468506723752e-03  -2.353160769270003574e-03  5.711211559900776892e-04  -2.599198686747206458e-04  -1.320388132481434490e-03
5.316567552698363505e-06  1.064689199376690487e-01  -1.051728708477980503e-05  -1.634361992907276337e-02  5.624044816943329222e-02  -2.641798804527045741e-02  2.638961151863096835e-02  8.731598271402728206e-02  -1.634378192385092451e-02  -2.640255856956456176e-02  8.729370734264035869e-02  1.631646671195187068e-02  1.634341087843583715e-02  5.623193717714303902e-02  2.639908233940244792e-02  7.840370015046984603e-06  1.064493590826919578e-01  -8.405955092253225379e-06  -2.640651291132843290e-02  8.727006838752322804e-02  1.632699825888495049e-02  1.628679106166169496e-02  5.625143238825454362e-02  2.642821102933065949e-02  -5.974775958851364023e-06  1.065064387750417896e-01  1.332124850496085492e-05  -1.629913217823803634e-02  5.623230094612546859e-02  -2.640348372113891784e-02  2.641997661293007948e-02  8.727071699055302667e-02  -1.631043441767326269e-02  4.851354936283595789e-06  1.064686880888965487e-01  1.053176203552868762e-05  -2.483559442178622260e-04  5.463182248136667701e-04  -1.323184512790789684e-03  -3.002649133497198135e-03  1.004326570922699354e-03  -8.851870469540560477e-04  -1.406700003249118950e-03  2.071110466531292469e-03  -1.559449076991680904e-03  -1.672459818720089188e-05  1.726906391195615238e-03  -5.275683457822851440e-04  3.740344538916698641e-03  -1.288243357436704480e-03  -1.960472348463331536e-03  9.463128284403614929e-04  -4.063540196830453012e-03  -1.589652147950270300e-03  -6.517020193814003362e-04  -1.125742839229243930e-03  7.548102151127955963e-04  -3.004157659345151749e-03  1.158258540654223548e-03  1.455148456175365135e-03  -8.004067861565785638e-04  2.970519264279995915e-03  1.023687293164044160e-03  2.552168900848600635e-03  -1.489260072553461078e-04  8.815191302244678069e-04  2.177485955971270298e-03  -3.411807087429470121e-03  2.411488790676311143e-03  -2.856160801428179845e-04  5.608200297844190317e-04  1.318859593579573431e-03
1.264225580283982730e-08  -1.004776034793766229e-08  3.705210917021575789e-02  -8.581001221992103078e-03  -2.640961184059877412e-02  9.258952351624495647e-02  2.246539753596323019e-02  -1.632204887710422478e-02  9.258960382897002406e-02  2.246538242846985931e-02  1.632201370316429395e-02  9.258952616190588292e-02  -8.581023664570351997e-03  2.640962799769796740e-02  9.258960409875466313e-02  -2.776873481829488302e-02  -3.551122322809431715e-09  9.258958588985181926e-02  2.246535083972560701e-02  1.632203262914903516e-02  9.258954354938699061e-02  -8.581067656322228718e-03  2.640966813182933984e-02  9.258961123632827861e-02  -2.776872117920931027e-02  5.403698410731541921e-08  9.258956338543906928e-02  -8.580974348820611178e-03  -2.640964055289050580e-02  9.258956905336204746e-02  2.246538673285486745e-02  -1.632209066588249588e-02  9.258963464028086010e-02  -7.290059600234453827e-09  9.036533439074144640e-09  3.705212546925946288e-02  -1.041775447030546768e-04  1.063448430036260494e-04  -2.488728410595628747e-05  -2.422621140690880840e-04  6.842086154875947073e-05  1.464881462523894961e-04  -1.741866725774866267e-04  2.142521362688653945e-04  -1.182178978542159937e-04  -9.141476502506437770e-06  1.825307026090330497e-04  2.150004434605606667e-04  3.227756489415116101e-04  -1.725177356293989910e-04  -1.902559624955711323e-04  8.920032634843933384e-05  -2.812724927459476685e-04  -2.787001588217795378e-05  9.540610976509724035e-05  8.164530933003177188e-05  2.123184881423997069e-04  2.496482777902844742e-04  -1.384987246472122997e-04  -5.844082561667396142e-05  1.065695465170708858e-04  -2.638796239836283973e-04  4.158068352745308800e-05  -1.913792914598317046e-04  -8.693334096922593758e-08  1.243927163661768794e-04  -2.512731597476365510e-04  3.096449072744737892e-04  -2.960955826446826263e-04  1.088203496977798666e-04  -1.065832496870697049e-04  -2.401290914944751137e-05
1.495375455946347896e-06  -1.578139993483531067e-01  3.046862096521651528e-07  1.279604081613635008e-06  -7.057639655361150344e-02  1.342425988368078082e-01  6.099177650633463553e-07  -7.057687339377714808e-02  8.296520708874673133e-02  5.246045768505575592e-07  -7.057682184076971565e-02  -8.296718751714318718e-02  5.380420077978673767e-08  -7.057568344738179844e-02  -1.342419594898159041e-01  -5.196872032200493215e-08  -7.057611723989774821e-02  1.086716028635340591e-06  -5.500325880439571722e-07  7.057643365494437049e-02  8.296718848766444776e-02  -1.180864238105186955e-06  7.057629619844177360e-02  1.342417569606443872e-01  -4.230507841996715049e-07  7.057722322554565997e-02  -1.210937537230614912e-06  -4.485059086777831813e-07  7.057611900353727430e-02  -1.342426244467267993e-01  2.049247629871295238e-07  7.057581071799315375e-02  -8.296545104015151662e-02  -1.513808603850761575e-06  1.578140090233288717e-01  2.906552723778118315e-07  -3.997741274254794949e-04  3.875823972994088974e-04  6.469709030326521216e-05  -1.871360204156022789e-04  5.614787845339076804e-05  2.489865305233543370e-04  -2.620607372411867746e-05  7.793945333089634771e-06  3.107618496935144977e-04  -1.463848326113305484e-04  1.748543991840694563e-04  1.032424493794464946e-04  -1.494215533068554973e-04  8.444997187207639133e-05  -3.816725891134163618e-04  -4.530906807952084431e-05  2.582253061217931181e-04  -3.446700477785437540e-04  1.591435574932912949e-04  -2.037334451004843517e-04  -1.144295057073159889e-06  1.088845963958102293e-04  3.087547033494933717e-05  3.367454010280400423e-04  3.952212747331700272e-05  -1.150564344812191682e-04  2.279982608909274407e-04  2.232882780144770072e-04  -1.322392870567133661e-04  -1.024654882217567668e-04  2.362760158353955075e-05  -1.604934737345649462e-04  -5.271150725190052160e-04  3.997655146025024886e-04  -3.884067282258382952e-04  6.463591087085430857e-05
1.578139946380789915e-01  -1.500947569095994217e-06  3.047112595364028254e-07  7.057717735143277660e-02  -4.977679794218938934e-07  -4.361904137092498246e-02  7.057651477290685649e-02  -9.690281866784631468e-07  1.141924676218484258e-01  7.057642021743835981e-02  -9.257873783948475301e-07  1.141939524281519458e-01  7.057594433824969371e-02  2.074076434824832567e-07  -4.361693693287725659e-02  7.057583954695489936e-02  -2.261340125983124118e-07  -1.411506963135627235e-01  -7.057644467308921143e-02  5.401685838387141247e-07  -1.141939459817366692e-01  -7.057708418811053930e-02  3.941200871392847571e-07  4.361671918260819070e-02  -7.057632323936342822e-02  1.321570926433913557e-06  1.411505906975351610e-01  -7.057634124881480286e-02  2.264047875704082818e-07  4.361900091415187725e-02  -7.057568603564205734e-02  -8.035583697605740873e-08  -1.141927055650192452e-01  -1.578140114800414273e-01  1.510348934704771242e-06  2.906085656777964679e-07  -3.879618722666341741e-04  4.000417994939421467e-04  6.479946230628716582e-05  -1.569339735447766650e-04  8.659291230700076451e-05  1.724929463836927951e-04  2.608567137154230902e-05  6.007150469627481814e-05  3.339052959887591735e-04  -1.312626259052733480e-04  1.891811282369066521e-04  1.442994767456190247e-04  -2.216973706312961093e-04  1.236649947399784651e-05  -4.741590859626002496e-04  -9.730096934358675590e-05  2.059595021913185298e-04  -2.407228460440531106e-04  1.646045774417731066e-04  -1.991682890002646116e-04  1.341973551600814687e-05  6.000970203165705805e-05  -1.794816927413946957e-05  2.740525788845495059e-04  -2.080981109026905197e-06  -1.567751823614859405e-04  3.112566093058961999e-04  2.512542281839574777e-04  -1.039001671596852819e-04  -1.738006071835983182e-04  1.072277381307022530e-04  -7.696540196307345520e-05  -4.900743880945060329e-04  3.880558756409940098e-04  -3.994561366407365591e-04  6.453082215388958526e-05
3.599971842390041864e-08  1.298084307168147522e-07  -1.033757593318362591e-08  -1.342454987730845317e-01  4.362061709092879963e-02  -7.707764016410578724e-07  -8.296420482301043731e-02  -1.141921296129888436e-01  3.451866514394632028e-07  8.296892682127585128e-02  -1.141965408183662350e-01  4.168962715436229464e-07  1.342418171769037272e-01  4.361697103338599973e-02  -2.755805853921249441e-07  -1.144681198105260157e-06  1.411510294512818564e-01  2.952651115570774985e-07  -8.296883015238219750e-02  1.141955223981441503e-01  3.047645577676930493e-08  -1.342426774071633355e-01  -4.361552938288833919e-02  8.189917462719951280e-07  2.544442634373854096e-06  -1.411528367098498771e-01  -9.281483920140591056e-07  1.342436412179489336e-01  -4.361965266450435613e-02  2.076929106206369985e-07  8.296529419168315045e-02  1.141924177186528222e-01  -1.190082698453673884e-07  9.598667403126233815e-08  1.687773329535685118e-09  -1.065792223577324892e-08  -7.014539568905385611e-05  -7.513223831304738126e-05  -3.916062686816039308e-07  1.861574314711379524e-04  -4.317290313221829653e-04  1.006377887946168013e-04  -3.984246680495882290e-04  -3.831356931686067660e-04  -3.390385596781192679e-05  -5.334141141643581555e-04  3.771041899340323283e-04  -4.272630013402445575e-05  2.988556387063189511e-04  5.971231890775481827e-04  1.368367195468997270e-04  5.157750033509095030e-04  -8.755977511748033889e-05  -1.604310825725514670e-04  4.651407970035860212e-04  -5.642592676290734228e-04  4.019167154880455659e-05  -2.689587691341178001e-04  -3.681874153262453637e-04  -9.083050969720852131e-05  -3.655551806384006600e-04  -5.837408242565138777e-05  1.171163213237078570e-04  -4.171774982968213066e-04  4.836398851760977395e-04  -1.195268878325974460e-04  6.575235124320485351e-04  5.752854641161000765e-04  5.342898252682357681e-05  -6.977675699177981106e-05  -6.477522500170077220e-05  -4.012412681283180854e-07
5.711211559900927597e-04  -2.599198686748147545e-04  -1.320388132481442730e-03  -2.843561476497382876e-03  3.513356384865643292e-04  -1.074782208743957487e-03  -2.234877379725849419e-03  3.106252468506634414e-03  -2.353160769269994901e-03  6.777495744016064170e-04  1.146214766554659809e-03  -5.723916846601029198e-04  2.707919741038590337e-03  -9.540319917048963039e-04  -1.344266447461458505e-03  1.133294065612018607e-03  -3.383018579305734248e-03  -1.180495219721215770e-03  3.004534505041598605e-04  -1.937541587358988793e-03  7.050279998510072159e-04  -4.223935605098272546e-03  1.439938692325046232e-03  2.110665897651699350e-03  -6.983334730199295239e-04  3.574344279400947823e-03  1.398220535926005545e-03  2.615537700093043243e-03  -6.190410839817577166e-04  7.103288946855731111e-04  1.458591782964167860e-03  -2.190477995753805935e-03  1.599600126984235043e-03  5.360404637385625219e-04  -2.740547384949574899e-04  1.321641007239620063e-03  1.064690525738915677e-01  5.177768553490330817e-06  -1.053533054581941618e-05  1.011476982885133047e-01  -1.631454375412797614e-02  -8.587142096114100051e-03  7.011386890715419484e-02  2.642516493571947164e-02  2.245373523785130013e-02  7.012106070151584436e-02  -2.639347658842654265e-02  2.246039718364647303e-02  1.012059087411616848e-01  1.631046477763883548e-02  -8.599584098096317922e-03  5.094245471240647916e-02  -3.248653383547970755e-05  -2.778201456882882503e-02  7.011711123102037924e-02  -2.641712120254192248e-02  2.247092981241818194e-02  1.011492605607526851e-01  1.632994803525985444e-02  -8.570489909697377034e-03  5.092862799539080859e-02  2.461909592418733779e-05  -2.776031878565243805e-02  1.011921467427810695e-01  -1.632267367532306071e-02  -8.572610365194537410e-03  7.014425613351005229e-02  2.637993928637238222e-02  2.248711930997340444e-02  1.064685534119016175e-01  4.987854787134544963e-06  1.051361024007791380e-05
-2.856160801427685991e-04  5.608200297844181644e-04  1.318859593579567143e-03  2.552168900848656146e-03  -1.489260072553469480e-04  8.815191302244351724e-04  2.177485955971292849e-03  -3.411807087429465785e-03  2.411488790676303770e-03  -6.517020193813657502e-04  -1.125742839229281660e-03  7.548102151127922353e-04  -3.004157659345108380e-03  1.158258540654212923e-03  1.455148456175356245e-03  -8.004067861565463630e-04  2.970519264279971195e-03  1.023687293164015971e-03  -1.672459818716640748e-05  1.726906391195561679e-03  -5.275683457822998891e-04  3.740344538916753284e-03  -1.288243357436721611e-03  -1.960472348463375772e-03  9.463128284403977053e-04  -4.063540196830488574e-03  -1.589652147950299139e-03  -3.002649133497152165e-03  1.004326570922683959e-03  -8.851870469540593003e-04  -1.406700003249087292e-03  2.071110466531295071e-03  -1.559449076991675917e-03  -2.483559442178127864e-04  5.463182248136229683e-04  -1.323184512790799225e-03  4.851354936355330162e-06  1.064686880888967291e-01  1.053176203557141704e-05  -1.629913217823806756e-02  5.623230094612555185e-02  -2.640348372113891437e-02  2.641997661293012112e-02  8.727071699055298504e-02  -1.631043441767323493e-02  -2.640651291132837739e-02  8.727006838752332518e-02  1.632699825888498518e-02  1.628679106166176782e-02  5.625143238825463382e-02  2.642821102933070460e-02  -5.974775958871016035e-06  1.065064387750419006e-01  1.332124850495215081e-05  -2.640255856956459993e-02  8.729370734264059462e-02  1.631646671195193313e-02  1.634341087843583715e-02  5.623193717714305984e-02  2.639908233940247567e-02  7.840370015035046520e-06  1.064493590826919994e-01  -8.405955092260935073e-06  -1.634361992907268357e-02  5.624044816943318120e-02  -2.641798804527045394e-02  2.638961151863108978e-02  8.731598271402743472e-02  -1.634378192385094533e-02  5.316567552723268815e-06  1.064689199376690626e-01  -1.051728708477797036e-05
1.088203496976731540e-04  -1.065832496871493260e-04  -2.401290914947662219e-05  -1.913792914599360591e-04  -8.693334097899564206e-08  1.243927163661545177e-04  -2.512731597477500128e-04  3.096449072743646643e-04  -2.960955826447589541e-04  9.540610976505967274e-05  8.164530932994881686e-05  2.123184881422977648e-04  2.496482777902131337e-04  -1.384987246472746956e-04  -5.844082561673181038e-05  1.065695465170341585e-04  -2.638796239836774032e-04  4.158068352744465833e-05  -9.141476502565591163e-06  1.825307026090017704e-04  2.150004434604959127e-04  3.227756489414059004e-04  -1.725177356294945634e-04  -1.902559624956477854e-04  8.920032634842815300e-05  -2.812724927460765259e-04  -2.787001588223524709e-05  -2.422621140691106896e-04  6.842086154873363961e-05  1.464881462523616592e-04  -1.741866725775488328e-04  2.142521362688090431e-04  -1.182178978542549165e-04  -1.041775447031178181e-04  1.063448430035337703e-04  -2.488728410598076672e-05  -7.290059657872702485e-09  9.036533463476536847e-09  3.705212546925958084e-02  -8.580974348820599035e-03  -2.640964055289047457e-02  9.258956905336185317e-02  2.246538673285480153e-02  -1.632209066588247506e-02  9.258963464028092949e-02  2.246535083972553762e-02  1.632203262914904557e-02  9.258954354938682407e-02  -8.581067656322338005e-03  2.640966813182938147e-02  9.258961123632813983e-02  -2.776872117920930333e-02  5.403698410578668355e-08  9.258956338543891662e-02  2.246538242846977951e-02  1.632201370316426620e-02  9.258952616190588292e-02  -8.581023664570378018e-03  2.640962799769798128e-02  9.258960409875448272e-02  -2.776873481829490037e-02  -3.551122271377572547e-09  9.258958588985165272e-02  -8.581001221992215836e-03  -2.640961184059867697e-02  9.258952351624487320e-02  2.246539753596307754e-02  -1.632204887710427682e-02  9.258960382897001018e-02  1.264225568275877548e-08  -1.004776034153711077e-08  3.705210917021584116e-02
-3.997655146025165833e-04  3.884067282257666837e-04  -6.463591087086431033e-05  -2.232882780144919150e-04  1.322392870566940402e-04  1.024654882217893877e-04  -2.362760158356067236e-05  1.604934737345256439e-04  5.271150725190078181e-04  -1.591435574932916202e-04  2.037334451004347495e-04  1.144295057004374037e-06  -1.088845963957922993e-04  -3.087547033498924936e-05  -3.367454010281194601e-04  -3.952212747331365525e-05  1.150564344812065101e-04  -2.279982608909432971e-04  1.463848326113280547e-04  -1.748543991840344636e-04  -1.032424493794288764e-04  1.494215533068521905e-04  -8.444997187205589991e-05  3.816725891134414611e-04  4.530906807953778497e-05  -2.582253061217830892e-04  3.446700477785027712e-04  1.871360204156306307e-04  -5.614787845336219931e-05  -2.489865305234470363e-04  2.620607372412888251e-05  -7.793945333037850565e-06  -3.107618496935621484e-04  3.997741274254985227e-04  -3.875823972993406468e-04  -6.469709030327795154e-05  1.513808603744612677e-06  -1.578140090233290105e-01  -2.906552724345636213e-07  4.485059086754412410e-07  -7.057611900353719103e-02  1.342426244467265495e-01  -2.049247630681484105e-07  -7.057581071799316763e-02  8.296545104015159988e-02  5.500325880004478425e-07  -7.057643365494428722e-02  -8.296718848766448939e-02  1.180864238041474619e-06  -7.057629619844159319e-02  -1.342417569606443040e-01  4.230507842132796716e-07  -7.057722322554564609e-02  1.210937537309039575e-06  -5.246045767992470561e-07  7.057682184076974341e-02  8.296718751714324269e-02  -5.380420067866888410e-08  7.057568344738174293e-02  1.342419594898157098e-01  5.196872036944309177e-08  7.057611723989778985e-02  -1.086716028748971543e-06  -1.279604081558328415e-06  7.057639655361148956e-02  -1.342425988368078915e-01  -6.099177650267736961e-07  7.057687339377718971e-02  -8.296520708874687011e-02  -1.495375455863913167e-06  1.578139993483531067e-01  -3.046862096656507114e-07
-3.880558756409192541e-04  3.994561366407614958e-04  -6.453082215389011381e-05  -2.512542281839129170e-04  1.039001671596957851e-04  1.738006071835576877e-04  -1.072277381306661626e-04  7.696540196309570845e-05  4.900743880945484252e-04  -1.646045774417447005e-04  1.991682890002783809e-04  -1.341973551594565617e-05  -6.000970203162756775e-05  1.794816927414887841e-05  -2.740525788845531380e-04  2.080981109062014713e-06  1.567751823614961591e-04  -3.112566093059634205e-04  1.312626259052494142e-04  -1.891811282369185512e-04  -1.442994767456837245e-04  2.216973706312780302e-04  -1.236649947400058243e-05  4.741590859626009001e-04  9.730096934355477194e-05  -2.059595021913212675e-04  2.407228460441112510e-04  1.569339735447408863e-04  -8.659291230700552145e-05  -1.724929463836549293e-04  -2.608567137157769128e-05  -6.007150469628231947e-05  -3.339052959888017826e-04  3.879618722665654899e-04  -4.000417994939586266e-04  -6.479946230629003896e-05  1.578140114800414551e-01  -1.510348934684402005e-06  -2.906085657417001275e-07  7.057634124881484450e-02  -2.264047875763909814e-07  -4.361900091415188419e-02  7.057568603564211285e-02  8.035583697405432139e-08  1.141927055650193978e-01  7.057644467308922531e-02  -5.401685838312983512e-07  1.141939459817367802e-01  7.057708418811052542e-02  -3.941200871011571043e-07  -4.361671918260812131e-02  7.057632323936337271e-02  -1.321570926448946909e-06  -1.411505906975350499e-01  -7.057642021743848471e-02  9.257873783819480653e-07  -1.141939524281521123e-01  -7.057594433824966595e-02  -2.074076434776856621e-07  4.361693693287715945e-02  -7.057583954695494100e-02  2.261340125817680055e-07  1.411506963135626125e-01  -7.057717735143273496e-02  4.977679794218270837e-07  4.361904137092510042e-02  -7.057651477290691200e-02  9.690281866838924162e-07  -1.141924676218485923e-01  -1.578139946380789083e-01  1.500947569104548826e-06  -3.047112594873924403e-07
6.977675699178906743e-05  6.477522500169363001e-05  4.012412681192559976e-07  4.171774982968517185e-04  -4.836398851761088526e-04  1.195268878325651368e-04  -6.575235124320444151e-04  -5.752854641160920534e-04  -5.342898252684835083e-05  -4.651407970035958874e-04  5.642592676290774344e-04  -4.019167154881798037e-05  2.689587691340892314e-04  3.681874153262209150e-04  9.083050969719590390e-05  3.655551806384088999e-04  5.837408242560203624e-05  -1.171163213237319398e-04  5.334141141643769122e-04  -3.771041899340945073e-04  4.272630013398662387e-05  -2.988556387062960744e-04  -5.971231890775710593e-04  -1.368367195469432306e-04  -5.157750033509000704e-04  8.755977511747005252e-05  1.604310825725339571e-04  -1.861574314711597448e-04  4.317290313221727196e-04  -1.006377887946116514e-04  3.984246680495551608e-04  3.831356931685597116e-04  3.390385596780422895e-05  7.014539568905037311e-05  7.513223831300164148e-05  3.916062686763483031e-07  -9.598667399966358877e-08  -1.687773315009596987e-09  1.065792225760520385e-08  -1.342436412179486838e-01  4.361965266450441164e-02  -2.076929106426890249e-07  -8.296529419168319208e-02  -1.141924177186527944e-01  1.190082698598872271e-07  8.296883015238211423e-02  -1.141955223981441780e-01  -3.047645573643222617e-08  1.342426774071631412e-01  4.361552938288825593e-02  -8.189917462398995673e-07  -2.544442634348382969e-06  1.411528367098496828e-01  9.281483920174130385e-07  -8.296892682127587904e-02  1.141965408183662628e-01  -4.168962715240108514e-07  -1.342418171769035606e-01  -4.361697103338590259e-02  2.755805853929421721e-07  1.144681198083436142e-06  -1.411510294512816344e-01  -2.952651115197846496e-07  1.342454987730843929e-01  -4.362061709092875800e-02  7.707764016543159497e-07  8.296420482301049282e-02  1.141921296129888991e-01  -3.451866514388069640e-07  -3.599971842023865550e-08  -1.298084307211653252e-07  1.033757593303426191e-08
